000    001
001    000
002    001
003    001
004    002
005    000
006    001
007    000
008    000
009    000
010    001
011    000
012    000
013    000
014    001
015    000
016    000
017    002
018    000
019    000
020    000
021    000
022    000
023    002
024    000
025    000
026    000
027    005
028    003
029    001
030    000
031    002
032    000
033    000
034    000
035    001
036    001
037    002
038    001
039    000
040    002
041    000
042    000
043    001
044    001
045    000
046    001
047    000
048    001
049    004
050    000
051    000
052    000
053    001
054    000
055    001
056    000
057    002
058    000
059    002
060    000
061    001
062    000
063    002
064    004
065    001
066    002
067    001
068    002
069    008
070    001
071    004
072    001
073    001
074    000
075    001
076    000
077    000
078    005
079    000
080    000
081    000
082    001
083    002
084    003
085    001
086    001
087    001
088    005
089    000
090    002
091    002
092    002
093    000
094    003
095    002
096    004
097    000
098    001
099    000
100    004
101    007
102    009
103    005
104    001
105    005
106    003
107    002
108    000
109    002
110    002
111    004
112    002
113    002
114    001
115    002
116    002
117    008
118    004
119    002
120    000
121    001
122    003
123    006
124    001
125    003
126    001
127    000
128    003
129    003
130    000
131    003
132    001
133    000
134    000
135    000
136    005
137    000
138    002
139    002
140    005
141    006
142    001
143    003
144    002
145    001
146    003
147    002
148    002
149    002
150    000
151    003
152    002
153    002
154    003
155    001
156    002
157    003
158    002
159    000
160    002
161    004
162    003
163    002
164    000
165    006
166    005
167    001
168    003
169    003
170    003
171    001
172    000
173    003
174    004
175    000
