000    003
001    002
002    000
003    000
004    000
005    000
006    000
007    004
008    004
009    000
010    008
011    000
012    003
013    001
014    000
015    000
016    001
017    000
018    000
019    001
020    001
021    000
022    001
023    001
024    001
025    000
026    000
027    000
028    000
029    000
030    002
031    000
032    002
033    002
034    000
035    000
036    000
037    000
038    000
039    000
040    000
041    000
042    000
043    000
044    002
045    002
046    001
047    000
048    000
049    000
050    000
051    004
052    001
053    001
054    000
055    000
056    000
057    000
058    000
059    000
060    001
061    000
062    001
063    000
064    000
065    000
066    000
067    001
068    000
069    008
070    001
071    001
072    003
073    000
074    001
075    000
076    000
077    001
078    000
079    006
080    002
081    001
082    003
083    001
084    001
085    006
086    002
087    001
088    002
089    003
090    001
091    002
092    003
093    003
094    002
095    001
096    001
097    001
098    004
099    001
100    001
101    000
102    004
103    005
104    000
105    004
106    008
107    004
108    002
109    002
110    006
111    005
112    002
113    006
114    001
115    002
116    004
117    010
118    002
119    012
120    008
121    002
122    006
123    004
124    003
125    006
126    001
127    001
128    000
129    005
130    000
131    009
132    001
133    012
134    006
135    002
136    007
137    008
138    002
139    003
140    000
141    002
142    002
143    006
144    007
145    005
146    000
147    006
148    005
149    001
150    003
151    002
152    001
153    001
154    001
155    004
156    001
157    003
158    001
159    000
160    010
161    011
162    003
163    007
164    008
165    000
