000    002
001    001
002    002
003    000
004    000
005    000
006    000
007    000
008    000
009    000
010    000
011    000
012    000
013    000
014    000
015    004
016    003
017    001
018    000
019    000
020    004
021    004
022    000
023    000
024    000
025    003
026    001
027    000
028    000
029    000
030    000
031    000
032    001
033    000
034    000
035    000
036    000
037    000
038    000
039    001
040    000
041    001
042    000
043    000
044    000
045    001
046    001
047    000
048    000
049    001
050    000
051    000
052    000
053    000
054    000
055    000
056    000
057    000
058    000
059    000
060    001
061    001
062    000
063    000
064    002
065    000
066    002
067    000
068    000
069    000
070    000
071    000
072    000
073    000
074    000
075    000
076    000
077    000
078    000
079    000
080    000
081    000
082    000
083    000
084    000
085    000
086    000
087    000
088    000
089    003
090    002
091    000
092    001
093    000
094    000
095    000
096    000
097    000
098    000
099    000
100    000
101    000
102    004
103    000
104    000
105    001
106    001
107    000
108    000
109    000
110    000
111    000
112    000
113    000
114    000
115    000
116    000
117    000
118    000
119    000
120    001
121    000
122    000
123    000
124    000
125    001
126    000
127    000
128    000
129    000
130    000
131    000
132    000
133    000
134    000
135    001
136    000
137    000
138    005
139    003
140    001
141    000
142    001
143    000
144    000
145    003
146    000
147    000
148    000
149    001
150    000
151    000
152    000
153    000
154    001
155    000
156    000
157    000
158    004
159    002
160    001
161    001
162    001
163    000
164    000
165    003
166    001
167    000
168    001
169    000
170    001
171    005
172    002
173    000
174    001
175    000
176    001
177    001
178    001
179    002
180    001
181    000
182    000
183    004
184    005
185    003
186    001
187    002
188    002
189    002
190    000
191    001
192    001
193    000
194    001
195    000
196    002
197    002
198    001
199    000
200    001
201    000
202    000
203    000
204    002
205    002
206    004
207    001
208    000
209    000
210    000
211    004
212    006
213    001
214    002
215    004
216    001
217    002
218    001
219    001
220    005
221    001
222    004
223    001
224    002
225    000
226    002
227    004
228    002
229    000
230    000
231    002
232    004
233    000
234    008
235    002
236    002
237    000
238    002
239    010
240    007
241    002
242    000
243    002
244    005
245    001
246    002
247    002
248    003
249    000
250    003
251    003
252    001
253    000
254    000
255    001
256    000
257    000
258    005
259    000
260    000
261    000
262    009
263    000
264    000
265    001
266    004
267    008
268    001
269    005
270    002
271    000
272    000
273    007
274    005
275    003
276    002
277    000
278    000
279    003
280    001
281    000
282    002
283    000
284    002
285    000
286    002
287    004
288    006
289    001
290    002
291    003
292    000
293    000
294    001
295    005
296    001
297    004
298    001
299    000
300    003
301    000
302    000
303    002
304    000
305    001
306    001
307    000
308    000
309    001
310    003
311    001
312    000
313    001
314    003
315    000
316    000
317    001
318    000
319    000
320    000
321    010
322    009
323    002
324    001
325    002
326    007
327    005
328    008
329    000
