000    016
001    011
002    008
003    024
004    012
005    009
006    014
007    014
008    011
009    010
010    004
011    009
012    010
013    015
014    007
015    016
016    019
017    014
018    010
019    005
020    009
021    016
022    023
023    018
024    013
025    007
026    010
027    011
028    015
029    013
030    020
031    014
032    001
033    006
034    007
035    010
036    016
037    017
038    016
039    009
040    009
041    013
042    022
043    026
044    029
045    026
046    011
047    010
048    011
049    010
050    012
051    011
052    006
053    003
054    006
055    007
056    016
057    010
058    013
059    004
060    003
061    005
062    008
063    008
064    005
065    011
066    003
067    004
068    006
069    006
070    011
071    004
072    009
073    009
074    003
075    005
076    007
077    009
078    008
079    005
080    011
081    004
082    008
083    008
084    012
085    009
086    020
087    003
088    004
089    001
090    002
091    015
092    013
093    011
094    007
095    003
096    010
097    006
098    008
099    015
100    008
101    021
102    004
103    004
104    005
105    005
106    006
107    007
108    018
109    006
110    010
111    006
112    012
113    011
114    006
115    005
116    005
117    004
118    012
119    008
120    016
121    015
122    010
123    007
124    004
125    015
126    050
127    055
128    039
129    036
130    016
131    007
132    016
133    035
134    036
135    019
136    013
137    005
138    008
139    010
140    014
141    008
142    011
143    001
144    003
145    002
146    006
147    012
148    015
149    009
150    004
151    003
152    008
153    007
154    013
155    018
156    021
157    016
158    007
159    013
160    007
161    009
162    015
163    014
164    038
165    017
166    010
167    013
168    017
169    013
170    018
171    018
172    015
173    016
174    018
175    035
176    025
177    040
178    040
179    015
180    016
181    025
182    040
183    024
184    017
185    011
186    008
187    018
188    022
189    022
190    033
191    021
192    021
193    009
194    016
195    017
196    012
197    019
198    028
199    026
200    025
201    030
202    024
203    023
204    035
205    023
206    052
207    027
208    030
209    036
210    058
211    062
212    072
213    069
214    024
215    030
216    028
217    042
218    043
219    040
220    048
221    040
222    028
223    040
224    051
225    059
226    039
227    022
228    021
229    020
230    043
231    035
232    028
233    034
234    021
235    011
236    025
237    024
238    034
239    042
240    033
241    022
242    019
243    019
244    023
245    030
246    031
247    029
248    020
249    012
250    015
251    023
252    022
253    024
254    028
255    022
256    013
257    015
258    013
259    027
260    031
261    023
262    017
263    009
264    017
265    030
266    025
267    044
268    036
269    002
270    000
271    000
272    000
273    000
274    000
275    038
276    068
277    020
278    027
279    034
280    043
281    049
282    050
283    033
284    015
285    016
286    026
287    048
288    053
289    046
290    033
291    018
292    020
293    013
294    020
295    045
296    041
297    043
298    014
299    014
300    014
